energy threshold = 1.2
======================================================================
Prominence      | Sens (AF)       | Spec (Non-AF)   | Tổng (ACC)     
----------------------------------------------------------------------
0.5             | 93.15           | 44.36           | 69.48          
0.6             | 95.82           | 39.04           | 68.26          
0.7             | 97.09           | 33.22           | 66.10          
0.8             | 98.14           | 22.49           | 61.43          
0.9             | 99.02           | 12.84           | 57.20          
1.0             | 99.58           | 6.95            | 54.63          
======================================================================

energy threshold = 1.3
======================================================================
Prominence      | Sens (AF)       | Spec (Non-AF)   | Tổng (ACC)     
----------------------------------------------------------------------
0.5             | 92.61           | 48.14           | 71.03          
0.6             | 95.48           | 42.70           | 69.87          
0.7             | 96.85           | 36.64           | 67.63          
0.8             | 98.02           | 25.59           | 62.87          
0.9             | 98.96           | 15.43           | 58.43          
1.0             | 99.57           | 9.04            | 55.64          
======================================================================

energy threshold = 1.4
======================================================================
Prominence      | Sens (AF)       | Spec (Non-AF)   | Tổng (ACC)     
----------------------------------------------------------------------
0.5             | 91.90           | 51.96           | 72.52          
0.6             | 94.87           | 46.47           | 71.38          
0.7             | 96.41           | 40.20           | 69.13          
0.8             | 97.77           | 28.91           | 64.36          
0.9             | 98.87           | 18.16           | 59.71          
1.0             | 99.49           | 11.23           | 56.66          
======================================================================

energy threshold = 1.5
======================================================================
Prominence      | Sens (AF)       | Spec (Non-AF)   | Tổng (ACC)     
----------------------------------------------------------------------
0.5             | 91.31           | 55.00           | 73.69          
0.6             | 94.45           | 49.46           | 72.62          
0.7             | 96.13           | 42.92           | 70.31          
0.8             | 97.60           | 31.30           | 65.43          
0.9             | 98.76           | 20.17           | 60.62          
1.0             | 99.47           | 12.84           | 57.43          
======================================================================

energy threshold = 1.6
======================================================================
Prominence      | Sens (AF)       | Spec (Non-AF)   | Tổng (ACC)     
----------------------------------------------------------------------
0.5             | 90.58           | 57.38           | 74.47          
0.6             | 93.97           | 51.81           | 73.51          
0.7             | 95.77           | 45.07           | 71.17          
0.8             | 97.43           | 33.04           | 66.18          
0.9             | 98.68           | 21.71           | 61.33          
1.0             | 99.46           | 14.12           | 58.05          
======================================================================

energy threshold = 1.7
======================================================================
Prominence      | Sens (AF)       | Spec (Non-AF)   | Tổng (ACC)     
----------------------------------------------------------------------
0.5             | 90.05           | 59.32           | 75.14          
0.6             | 93.63           | 53.70           | 74.25          
0.7             | 95.52           | 46.75           | 71.85          
0.8             | 97.24           | 34.40           | 66.75          
0.9             | 98.59           | 22.90           | 61.86          
1.0             | 99.44           | 14.96           | 58.45          
======================================================================

energy threshold = 1.8
======================================================================
Prominence      | Sens (AF)       | Spec (Non-AF)   | Tổng (ACC)     
----------------------------------------------------------------------
0.5             | 89.40           | 60.49           | 75.37          
0.6             | 93.14           | 54.83           | 74.55          
0.7             | 95.13           | 47.73           | 72.13          
0.8             | 97.04           | 35.26           | 67.06          
0.9             | 98.56           | 23.67           | 62.22          
1.0             | 99.44           | 15.58           | 58.75          
======================================================================

energy threshold = 1.9
======================================================================
Prominence      | Sens (AF)       | Spec (Non-AF)   | Tổng (ACC)     
----------------------------------------------------------------------
0.5             | 88.84           | 61.41           | 75.53          
0.6             | 92.75           | 55.72           | 74.78          
0.7             | 94.84           | 48.55           | 72.38          
0.8             | 96.81           | 35.93           | 67.27          
0.9             | 98.50           | 24.21           | 62.45          
1.0             | 99.40           | 16.03           | 58.94          
======================================================================


energy threshold = 2.0
======================================================================
Prominence      | Sens (AF)       | Spec (Non-AF)   | Tổng (ACC)     
----------------------------------------------------------------------
0.5             | 88.61           | 62.31           | 75.85          
0.6             | 92.56           | 56.61           | 75.12          
0.7             | 94.69           | 49.39           | 72.71          
0.8             | 96.72           | 36.69           | 67.59          
0.9             | 98.47           | 24.80           | 62.72          
1.0             | 99.40           | 16.42           | 59.13          
======================================================================

prominence_values = [0.005, 0.05, 0.08, 0.1, 0.15, 0.2, 0.25, 0.3, 0.35, 0.4, 0.45]
energy threshold = 2.0
======================================================================
Prominence      | Sens (AF)       | Spec (Non-AF)   | Tổng (ACC)     
----------------------------------------------------------------------
0.0             | 35.87           | 88.08           | 61.21          
0.1             | 35.87           | 88.03           | 61.18          
0.1             | 36.13           | 88.00           | 61.30          
0.1             | 37.42           | 87.84           | 61.88          
0.1             | 45.46           | 86.83           | 65.54          
0.2             | 52.39           | 82.96           | 67.22          
0.2             | 58.12           | 76.82           | 67.20          
0.3             | 65.06           | 72.12           | 68.49          
0.3             | 72.08           | 69.74           | 70.94          
0.4             | 79.08           | 68.06           | 73.74          
0.5             | 84.97           | 65.98           | 75.75          
======================================================================


energy threshold = 1.9
======================================================================
Prominence      | Sens (AF)       | Spec (Non-AF)   | Tổng (ACC)     
----------------------------------------------------------------------
0.0             | 37.76           | 87.08           | 61.69          
0.1             | 37.76           | 87.03           | 61.67          
0.1             | 38.02           | 87.00           | 61.79          
0.1             | 39.28           | 86.83           | 62.35          
0.1             | 46.96           | 85.85           | 65.83          
0.2             | 53.67           | 81.99           | 67.41          
0.2             | 59.28           | 75.87           | 67.33          
0.3             | 66.02           | 71.20           | 68.54          
0.3             | 72.89           | 68.84           | 70.92          
0.4             | 79.73           | 67.16           | 73.63          
0.5             | 85.34           | 65.07           | 75.51          
======================================================================

energy threshold = 1.8
======================================================================
Prominence      | Sens (AF)       | Spec (Non-AF)   | Tổng (ACC)     
----------------------------------------------------------------------
0.0             | 40.18           | 86.01           | 62.42          
0.1             | 40.18           | 85.96           | 62.39          
0.1             | 40.42           | 85.93           | 62.51          
0.1             | 41.57           | 85.77           | 63.02          
0.1             | 48.84           | 84.80           | 66.29          
0.2             | 55.30           | 80.97           | 67.75          
0.2             | 60.75           | 74.90           | 67.62          
0.3             | 67.37           | 70.25           | 68.77          
0.3             | 73.95           | 67.88           | 71.01          
0.4             | 80.62           | 66.21           | 73.62          
0.5             | 86.02           | 64.15           | 75.41          
======================================================================

energy threshold = 1.7
======================================================================
Prominence      | Sens (AF)       | Spec (Non-AF)   | Tổng (ACC)     
----------------------------------------------------------------------
0.0             | 43.04           | 84.65           | 63.23          
0.1             | 43.04           | 84.60           | 63.21          
0.1             | 43.29           | 84.57           | 63.32          
0.1             | 44.33           | 84.40           | 63.77          
0.1             | 51.13           | 83.43           | 66.80          
0.2             | 57.33           | 79.65           | 68.16          
0.2             | 62.55           | 73.64           | 67.93          
0.3             | 68.87           | 69.03           | 68.95          
0.3             | 75.19           | 66.67           | 71.06          
0.4             | 81.56           | 64.99           | 73.52          
0.5             | 86.80           | 62.95           | 75.23          
======================================================================



energy threshold = 1.6
======================================================================
Prominence      | Sens (AF)       | Spec (Non-AF)   | Tổng (ACC)     
----------------------------------------------------------------------
0.0             | 45.35           | 82.45           | 63.35          
0.1             | 45.35           | 82.40           | 63.33          
0.1             | 45.60           | 82.36           | 63.44          
0.1             | 46.64           | 82.20           | 63.89          
0.1             | 53.10           | 81.28           | 66.77          
0.2             | 59.10           | 77.53           | 68.04          
0.2             | 64.12           | 71.53           | 67.71          
0.3             | 70.25           | 67.00           | 68.67          
0.3             | 76.31           | 64.64           | 70.65          
0.4             | 82.38           | 62.98           | 72.97          
0.5             | 87.37           | 60.98           | 74.57          
======================================================================

energy threshold = 1.5
======================================================================
Prominence      | Sens (AF)       | Spec (Non-AF)   | Tổng (ACC)     
----------------------------------------------------------------------
0.0             | 48.53           | 79.83           | 63.72          
0.1             | 48.53           | 79.78           | 63.69          
0.1             | 48.78           | 79.75           | 63.81          
0.1             | 49.74           | 79.59           | 64.22          
0.1             | 55.83           | 78.68           | 66.92          
0.2             | 61.57           | 74.97           | 68.07          
0.2             | 66.35           | 69.03           | 67.65          
0.3             | 72.22           | 64.56           | 68.50          
0.3             | 77.83           | 62.21           | 70.25          
0.4             | 83.58           | 60.55           | 72.40          
0.5             | 88.18           | 58.58           | 73.82          
======================================================================

energy threshold = 1.4
======================================================================
Prominence      | Sens (AF)       | Spec (Non-AF)   | Tổng (ACC)     
----------------------------------------------------------------------
0.0             | 51.60           | 76.40           | 63.63          
0.1             | 51.60           | 76.35           | 63.61          
0.1             | 51.84           | 76.31           | 63.72          
0.1             | 52.77           | 76.17           | 64.13          
0.1             | 58.37           | 75.26           | 66.57          
0.2             | 63.76           | 71.60           | 67.56          
0.2             | 68.30           | 65.91           | 67.14          
0.3             | 73.95           | 61.49           | 67.91          
0.3             | 79.18           | 59.14           | 69.45          
0.4             | 84.65           | 57.48           | 71.46          
0.5             | 88.97           | 55.51           | 72.73          
======================================================================


energy threshold = 1.3
======================================================================
Prominence      | Sens (AF)       | Spec (Non-AF)   | Tổng (ACC)     
----------------------------------------------------------------------
0.0             | 55.16           | 72.27           | 63.46          
0.1             | 55.16           | 72.22           | 63.44          
0.1             | 55.41           | 72.19           | 63.55          
0.1             | 56.26           | 72.04           | 63.92          
0.1             | 61.36           | 71.15           | 66.11          
0.2             | 66.45           | 67.60           | 67.01          
0.2             | 70.72           | 61.97           | 66.47          
0.3             | 76.00           | 57.59           | 67.07          
0.3             | 80.83           | 55.26           | 68.42          
0.4             | 85.87           | 53.60           | 70.21          
0.5             | 89.88           | 51.64           | 71.33          
======================================================================

energy threshold = 1.2
======================================================================
Prominence      | Sens (AF)       | Spec (Non-AF)   | Tổng (ACC)     
----------------------------------------------------------------------
0.0             | 59.45           | 68.03           | 63.61          
0.1             | 59.45           | 67.98           | 63.59          
0.1             | 59.70           | 67.95           | 63.70          
0.1             | 60.44           | 67.80           | 64.01          
0.1             | 64.91           | 66.93           | 65.89          
0.2             | 69.58           | 63.48           | 66.62          
0.2             | 73.41           | 57.92           | 65.90          
0.3             | 78.14           | 53.68           | 66.27          
0.3             | 82.49           | 51.36           | 67.39          
0.4             | 87.03           | 49.77           | 68.95          
0.5             | 90.63           | 47.83           | 69.86          
======================================================================